            100              3              5
             57             14             50
             31             32             51
             47              3              5
            150             32             55
            122              7             32
             99              3             14
            146             13             54
            177            100             57
            184             57            155
            178             33             22
